# lasa, det#, HV, trigger, pre_coin_time, post_coin_time,gain_correction, offset_correction, integration_time, base_max, base_min, sig_T1, sig_T2, Tprev, Tper, TCmax, NCmax, NCmin, Qmax,Qmin
lasa6   1   1766    500 240 16297   10  127 10240   6144    20  10  10  1   255 255 255 0   0
lasa6   2   1612    500 240 16297   10  127 10240   6144    20  10  10  1   255 255 255 0   0
lasa6   3   1319    500 240 16297   10  127 10240   6144    20  10  10  1   255 255 255 0   0
lasa6   4   1363    500 240 16297   10  127 10240   6144    20  10  10  1   255 255 255 0   0
lasa7   1   1407    500 240 16297   10  127 10240   6144    20  10  10  1   255 255 255 0   0
lasa7   2   1446    500 240 16297   10  127 10240   6144    20  10  10  1   255 255 255 0   0
lasa7   3   1300    500 240 16297   10  127 10240   6144    20  10  10  1   255 255 255 0   0
lasa7   4   1404    500 240 16297   10  127 10240   6144    20  10  10  1   255 255 255 0   0
lasa8   1   1230    500 240 16297   10  127 10240   6144    20  10  10  1   255 255 255 0   0
lasa8   2   1380    500 240 16297   10  127 10240   6144    20  10  10  1   255 255 255 0   0
lasa8   3   1416    500 240 16297   10  127 10240   6144    20  10  10  1   255 255 255 0   0
lasa8   4   1446    500 240 16297   10  127 10240   6144    20  10  10  1   255 255 255 0   0
lasa9   1   1549    500 240 16297   10  127 10240   6144    20  10  10  1   255 255 255 0   0
lasa9   2   1494    500 240 16297   10  127 10240   6144    20  10  10  1   255 255 255 0   0
lasa9   3   1402    500 240 16297   10  127 10240   6144    20  10  10  1   255 255 255 0   0
lasa9   4   1749    500 240 16297   10  127 10240   6144    20  10  10  1   255 255 255 0   0
lasa10  1   1643    500 240 16297   10  127 10240   6144    20  10  10  1   255 255 255 0   0
lasa10  2   1638    500 240 16297   10  127 10240   6144    20  10  10  1   255 255 255 0   0
lasa10  3   1664    500 240 16297   10  127 10240   6144    20  10  10  1   255 255 255 0   0
lasa10  4   1347    500 240 16297   10  127 10240   6144    20  10  10  1   255 255 255 0   0

